0.000010481022523	
0.297126960303495	
0.297126952366328	
0.000004200821992	
0.000000000880392	
-0.000000000000000	
-0.000000000000000	
0.000000005793126	
-0.000014052917385	
0.297641088966596	
0.296525409559892	
0.000008634713231	
0.000168270909100	
0.000168446451366	
-0.000885050400011	
-0.000040885049504	
0.000000065247727	
0.000497355702970	
0.294046536206344	
-0.000867646686848	
-0.000057362252533	
0.000497385388128	
0.000001138976701	
-0.000000895113164	
-0.000056358901135	
0.003727032164400	
0.000088698930274	
0.001736512689254	
0.000174921334297	
-0.000000000000521	
0.000000000000303	
0.000000007742721	
-0.000000511285633	
-0.000000000071822	
0.000000172624226	
-0.000001324014042	
0.000000304784588	
0.000000019560233	
-0.000000081536137	
-0.000000000349443	
-0.000000059079282	
0.000000037754595	
-0.000001732525361	
-0.000000697014586	
0.000000568463461	
-0.000000950346946	
0.000000515394350	
-0.000002023464021	
0.000005165900766	
0.000001022250464	
-0.000049648971781	
-0.000000035299748	
-0.000000140416726	
-0.000024033578523	
0.000002079024431	
-0.000000001701007	
-0.000000076694800	
0.000000007568277	
0.000000016315750	
0.000000087774473	
-0.000000065812418	
0.000000016549501	
-0.000000001182705	
-0.000000006084885	
0.000000004539531	
0.000000057567500	
-0.000000003002411	
0.000000011190988	
0.000000000059917	
-0.000000003437316	
-0.000000001288898	
-0.000000000035586	
0.000000000476049	
0.000000000004139	
-0.000000000091912	
0.000000000004827	
-0.000000000063293	
-0.000000000235182	
-0.000000530416264	
0.000002577332319	
0.000000003810035	
-0.000000462106662	
0.000000000518410	
0.000000000001134	
0.000000001501673	
0.000000182420236	
0.000000002035028	
0.000000000063633	
0.000000000043859	
0.000000000003177	
-0.000000000804132	
0.000000000737828	
-0.000000002737248	
0.000000161160653	
-0.000000030185819	
-0.000000004683105	
-0.000000000420612	
-0.000000000405059	
0.000000000716031	
0.000000000000290	
-0.000000004363467	
0.000000000228788	
0.000000000608672	
0.000000000000031	
-0.000000000089829	
0.000000000009065	
0.000000000124329	
-0.000000000023607	
-0.000000000017452	
0.000000009735696	
-0.000000000065330	
0.000000000740738	
0.000000000601812	
-0.000000000150128	
0.000000000068200	
0.000000000000066	
-0.000000000329879	
0.000000000694321	
-0.000000002711101	
-0.000000010892951	
-0.000000006019670	
-0.000000037440258	
0.000000009653372	
-0.000000000000542	
-0.000000000215540	
-0.000000003599885	
-0.000000000016818	
-0.000000030549894	
0.000000000015861	
-0.000000000034051	
0.000000000199817	
-0.000000000024487	
0.000000004034175	
-0.000000000062084	
0.000000003998902	
-0.000000019298929	
-0.000000001135153	
0.000000059123075	
0.000000000041069	
0.000000000231213	
-0.000000000032673	
-0.000000000002031	
-0.000000538368896	
-0.000000000006433	
0.000000000010993	
-0.000000000757899	
0.000000009167734	
0.000000000004265	
-0.000000000000645	
-0.000000000014369	
-0.000000000000342	
-0.000000000034256	
-0.000000000002745	
0.000000263144258	
0.000000000312793	
0.000000000004783	
-0.000000054582577	
0.000000000005830	
0.000000000039907	
0.000000000000017	
-0.000000000013435	
-0.000000000001293	
-0.000000000000103	
-0.000000000000076	
-0.000000000501062	
-0.000000000000013	
0.000000013659577	
0.000000000006211	
-0.000000000000051	
0.000000000004944	
0.000000000000350	
0.000000000000000	
0.000000000000009	
-0.000000000204590	
-0.000000001510367	
-0.000000003193298	
0.000000000030547	
0.000000001163228	
0.000000003853015	
0.000000000007872	
0.000000000004398	
-0.000000000000158	
-0.000000000000712	
0.000000000001098	
0.000000000000902	
0.000000000000060	
0.000000000002614	
-0.000000051014537	
-0.000000002453522	
0.000000000000336	
0.000000000002254	
-0.000000000000396	
-0.000000000000217	
-0.000000000000027	
-0.000000000000066	
0.000000000000003	
-0.000000000012395	
-0.000000000000544	
0.000000000000171	
-0.000000000000043	
-0.000000000001905	
-0.000000000000000	
0.000000000000074	
-0.000000000003682	
0.000000000000632	
0.000000000000072	
-0.000000000000156	
-0.000000000000135	
-0.000000000000838	
-0.000000000000064	
0.000000000000038	
0.000000000001970	
0.000000000000018	
0.000000000000034	
0.000000000000000	
-0.000000000000002	
-0.000000000000015	
0.000000000000007	
0.000000000000002	
0.000000000000005	
0.000000000000001	
0.000000000000001	
-0.000000000000001	
-0.000000000000009	
-0.000000000000003	
-0.000000000001092	
-0.000000000026281	
0.000000000013126	
0.000000000000000	
-0.000000000000003	
0.000000000000312	
0.000000000000108	
-0.000000000000079	
-0.000000000000036	
0.000000000000000	
0.000000000000002	
0.000000000000062	
-0.000000000000013	
-0.000000000000045	
0.000000000000108	
-0.000000000000003	
-0.000000000000000	
0.000000000000000	
-0.000000000000001	
-0.000000000000008	
0.000000000000004	
-0.000000000000000	
-0.000000000000006	
-0.000000000000000	
0.000000000000002	
-0.000000000000001	
0.000000000000000	
-0.000000000000000	
0.000000000000027	
0.000000000000001	
-0.000000000000000	
-0.000000000000000	
-0.000000000000000	
-0.000000000000000	
0.000000000000000	
0.000000000000000	
0.000000000000000	
-0.000000000000000	
0.000000000000000	
0.000000000000000	
-0.000000000000000	
0.000000000000000	
-0.000000000000000	
0.000000000000002	
-0.000000000000000	
0.000000000000000	
0.000000000000000	
0.000000000000000	
-0.000000000000000	
-0.000000000000000	
0.000000000000000	
-0.000000000000001	
-0.000000000000000	
-0.000000000000001	
0.000000000000001	
-0.000000000000000	
-0.000000000000000	
-0.000000000000004	
-0.000000000000009	
0.000000000000000	
-0.000000000000000	
0.000000000000000	
-0.000000000000001	
-0.000000000000000	
0.000000000000002	
0.000000000000000	
-0.000000000000001	
0.000000000000000	
-0.000000460553233	
-0.000000967323391	
-0.000000000000146	
-0.000000000000414	
0.000000000000002	
0.000000000000004	
-0.000000000000000	
0.000000000000002	
0.001829254375518	
0.000000000643743	
0.000000000134740	
