0.000000000000000	
13.916487500000015	
13.916487499999999	
0.000000000000000	
0.000000000000000	
0.000000000000000	
0.000000000000000	
0.000000000000000	
0.000000000000000	
31.209999999999994	
18.709999999999997	
0.000000000000000	
0.000000000000000	
0.000000000000000	
0.000000000000000	
0.000000000000000	
0.000000000000000	
3.140387500000003	
15.326219512195131	
0.000000000000000	
0.000000000000000	
3.140387499999999	
0.000000000000000	
0.000000000000000	
0.000000000000000	
16.560030487804887	
0.000000000000000	
18.789999999999999	
0.000000000000000	
0.000000000000000	
0.000000000000000	
0.000000000000000	
0.000000000000000	
0.000000000000000	
0.000000000000000	
0.000000000000000	
0.000000000000000	
0.000000000000000	
0.000000000000000	
0.000000000000000	
0.000000000000000	
0.000000000000000	
0.000000000000000	
0.000000000000000	
0.000000000000000	
0.000000000000000	
0.000000000000000	
0.000000000000000	
0.000000000000000	
0.000000000000000	
0.000000000000000	
0.000000000000000	
0.000000000000000	
0.000000000000000	
0.000000000000000	
0.000000000000000	
0.000000000000000	
0.000000000000000	
0.000000000000000	
0.000000000000000	
0.000000000000000	
0.000000000000000	
0.000000000000000	
0.000000000000000	
0.000000000000000	
0.000000000000000	
0.000000000000000	
0.000000000000000	
0.000000000000000	
0.000000000000000	
0.000000000000000	
0.000000000000000	
0.000000000000000	
0.000000000000000	
0.000000000000000	
0.000000000000000	
0.000000000000000	
0.000000000000000	
0.000000000000000	
0.000000000000000	
0.000000000000000	
0.000000000000000	
0.000000000000000	
0.000000000000000	
0.000000000000000	
0.000000000000000	
0.000000000000000	
0.000000000000000	
0.000000000000000	
0.000000000000000	
0.000000000000000	
0.000000000000000	
0.000000000000000	
0.000000000000000	
0.000000000000000	
0.000000000000000	
0.000000000000000	
0.000000000000000	
0.000000000000000	
0.000000000000000	
0.000000000000000	
0.000000000000000	
0.000000000000000	
0.000000000000000	
0.000000000000000	
0.000000000000000	
0.000000000000000	
0.000000000000000	
0.000000000000000	
0.000000000000000	
0.000000000000000	
0.000000000000000	
0.000000000000000	
0.000000000000000	
0.000000000000000	
0.000000000000000	
0.000000000000000	
0.000000000000000	
0.000000000000000	
0.000000000000000	
0.000000000000000	
0.000000000000000	
0.000000000000000	
0.000000000000000	
0.000000000000000	
0.000000000000000	
0.000000000000000	
0.000000000000000	
0.000000000000000	
0.000000000000000	
0.000000000000000	
0.000000000000000	
0.000000000000000	
0.000000000000000	
0.000000000000000	
0.000000000000000	
0.000000000000000	
0.000000000000000	
0.000000000000000	
0.000000000000000	
0.000000000000000	
0.000000000000000	
0.000000000000000	
0.000000000000000	
0.000000000000000	
0.000000000000000	
0.000000000000000	
0.000000000000000	
0.000000000000000	
0.000000000000000	
0.000000000000000	
0.000000000000000	
0.000000000000000	
0.000000000000000	
0.000000000000000	
0.000000000000000	
0.000000000000000	
0.000000000000000	
0.000000000000000	
0.000000000000000	
0.000000000000000	
0.000000000000000	
0.000000000000000	
0.000000000000000	
0.000000000000000	
0.000000000000000	
0.000000000000000	
0.000000000000000	
0.000000000000000	
0.000000000000000	
0.000000000000000	
0.000000000000000	
0.000000000000000	
0.000000000000000	
0.000000000000000	
0.000000000000000	
0.000000000000000	
0.000000000000000	
0.000000000000000	
0.000000000000000	
0.000000000000000	
0.000000000000000	
0.000000000000000	
0.000000000000000	
0.000000000000000	
0.000000000000000	
0.000000000000000	
0.000000000000000	
0.000000000000000	
0.000000000000000	
0.000000000000000	
0.000000000000000	
0.000000000000000	
0.000000000000000	
0.000000000000000	
0.000000000000000	
0.000000000000000	
0.000000000000000	
0.000000000000000	
0.000000000000000	
0.000000000000000	
0.000000000000000	
0.000000000000000	
0.000000000000000	
0.000000000000000	
0.000000000000000	
0.000000000000000	
0.000000000000000	
0.000000000000000	
0.000000000000000	
0.000000000000000	
0.000000000000000	
0.000000000000000	
0.000000000000000	
0.000000000000000	
0.000000000000000	
0.000000000000000	
0.000000000000000	
0.000000000000000	
0.000000000000000	
0.000000000000000	
0.000000000000000	
0.000000000000000	
0.000000000000000	
0.000000000000000	
0.000000000000000	
0.000000000000000	
0.000000000000000	
0.000000000000000	
0.000000000000000	
0.000000000000000	
0.000000000000000	
0.000000000000000	
0.000000000000000	
0.000000000000000	
0.000000000000000	
0.000000000000000	
0.000000000000000	
0.000000000000000	
0.000000000000000	
0.000000000000000	
0.000000000000000	
0.000000000000000	
0.000000000000000	
0.000000000000000	
0.000000000000000	
0.000000000000000	
0.000000000000000	
0.000000000000000	
0.000000000000000	
0.000000000000000	
0.000000000000000	
0.000000000000000	
0.000000000000000	
0.000000000000000	
0.000000000000000	
0.000000000000000	
0.000000000000000	
0.000000000000000	
0.000000000000000	
0.000000000000000	
0.000000000000000	
0.000000000000000	
0.000000000000000	
0.000000000000000	
0.000000000000000	
0.000000000000000	
0.000000000000000	
0.000000000000000	
0.000000000000000	
0.000000000000000	
0.000000000000000	
0.000000000000000	
0.000000000000000	
0.000000000000000	
0.000000000000000	
0.000000000000000	
0.000000000000000	
0.000000000000000	
0.000000000000000	
0.000000000000000	
0.000000000000000	
0.000000000000000	
0.000000000000000	
0.000000000000000	
0.000000000000000	
0.000000000000000	
0.000000000000000	
0.000000000000000	
0.000000000000000	
0.000000000000000	
0.000000000000000	
0.000000000000000	
0.000000000000000	
0.000000000000000	
0.000000000000000	
0.000000000000000	
0.000000000000000	
0.000000000000000	
0.000000000000000	
0.000000000000000	
6.289999999999999	
0.000000000000000	
0.000000000000000	
