0.065649953830636	
-0.000000000000000	
-0.000000000000000	
0.050761629699180	
-0.029967977735907	
0.031486807747094	
0.013053364142509	
-0.034620544933743	
0.047946933962716	
-0.000000000000000	
-0.000000000000000	
0.064874351633674	
-0.052803571215369	
-0.054615964501376	
-0.071819269804379	
-0.042741563399965	
-0.058272088692869	
-0.106119203203134	
-0.000000000000000	
-0.083938470757552	
0.096424847357548	
-0.105527916560209	
0.110629045439666	
-0.037191518868231	
0.091409522725300	
-0.077937316619436	
0.054275671827298	
-0.090692076139981	
0.080055558676380	
0.033919666246243	
-0.033155455562762	
0.004087117514093	
-0.041727820651527	
-0.008549737568057	
-0.026442867516937	
0.014108632278609	
-0.027509337008918	
0.069828715757315	
0.022963816075383	
-0.037245376386141	
0.045464450230927	
0.068188782175620	
-0.059520698939125	
-0.020136130819867	
-0.050950830031013	
-0.028280863530938	
-0.004339485010022	
0.002213405575268	
0.044034247093742	
-0.038932323609261	
0.092804459649366	
-0.084557632610981	
0.016265619827958	
0.109888519341453	
-0.023911638273949	
-0.032826672728022	
0.034464168648468	
0.017171052550187	
-0.050737889386386	
0.037230908374059	
0.027400740346199	
-0.023492057268543	
-0.087403848681397	
-0.000131174608558	
0.044019044003244	
-0.004920852592049	
0.014810464400892	
0.022662143493233	
0.013884540038367	
-0.001255715190506	
-0.010510080750511	
-0.004641113820316	
-0.018701066458915	
0.000104836344027	
0.033008924968712	
0.031278047811523	
0.043965052944094	
-0.006637257054440	
-0.007267769687850	
-0.046040593503786	
0.070519704886312	
-0.065014828589723	
0.070216342612023	
0.032232231184294	
-0.053257109108229	
-0.078266653438389	
0.027735183444661	
0.018068896717485	
-0.058582881809175	
-0.000111444452249	
-0.001223067429077	
0.003637045579346	
0.008625961131601	
0.029771906063677	
0.076751793205641	
0.056611397468135	
0.031461715374986	
0.009842704145340	
-0.034080552257522	
0.017787634513235	
0.008802960611697	
0.002491095533998	
-0.031794934934935	
-0.041392051355060	
-0.045855422981780	
0.002487322964644	
-0.040500046068223	
0.029053265314437	
0.000061472302976	
0.000238865687157	
0.037973477714976	
-0.048073492140376	
-0.026731679707239	
-0.070069637807957	
0.016528183819507	
0.018580159256979	
0.014570220091103	
-0.034775341314056	
-0.012577064390137	
-0.017243215372693	
-0.061997796066348	
0.047385220168550	
-0.011108518045551	
-0.044514096193193	
0.014364557057395	
0.009977460251684	
-0.007314668329010	
0.006334309901235	
-0.021445977763201	
-0.001701548000281	
-0.037655169940800	
0.024712835129409	
0.045166182220264	
-0.046561823787202	
0.021885272431226	
0.008534697160220	
-0.004454062051031	
-0.037819792901266	
0.033743623572354	
-0.038207991463894	
-0.029977334387676	
0.026294200489013	
-0.094855853055509	
0.070432381207019	
0.002944241713517	
0.072175014010635	
0.017663070936015	
0.013273704143491	
0.007869753398502	
-0.015631012164258	
-0.036579748993732	
-0.014946119390817	
0.020514878472332	
-0.009786573695377	
0.016959873612293	
-0.018045849038594	
0.026012035595530	
0.024761160938682	
0.024269419077686	
-0.002888628395947	
0.023245099735750	
-0.047787676706826	
0.032432444674351	
0.014424354897018	
0.009726686080513	
0.041471827165729	
0.066065236156573	
-0.009549511463221	
-0.000368349430325	
0.020879507695061	
-0.021200393100123	
-0.006987037501972	
0.038617387635205	
0.060928604015594	
0.033702771722854	
0.001936990121329	
-0.029773327555562	
-0.076572398131604	
0.034564345294887	
0.040858895103298	
0.019409105763892	
-0.041670006509895	
-0.016898747267199	
-0.002345048350967	
-0.041777027687960	
-0.003474337989899	
0.008070435898118	
0.043423731553265	
0.008782532335425	
-0.013664733106294	
-0.016254077614153	
-0.038792449035146	
-0.003103650450523	
0.006916299286344	
0.010113839509189	
0.005995718985201	
0.024255876786520	
-0.005284549338739	
0.014889003261478	
0.016879151438571	
-0.010011012808449	
0.033314650474205	
0.002316806455137	
-0.004460718335884	
-0.007029831637214	
0.003167801061982	
0.012914902232415	
-0.016136812352405	
-0.038767550367281	
-0.013688267659529	
0.018362189130957	
0.022770854241981	
-0.024695228487384	
0.000166741927808	
-0.001399830259179	
0.029892267389195	
0.026007342927802	
0.039638845389652	
0.006564507475909	
0.042816357602925	
-0.001312272687536	
0.020871249455357	
-0.010453814772843	
0.029546043747858	
0.003519826299770	
0.064004864058190	
-0.007117088936690	
0.037835294497822	
0.007369624912595	
0.016658824974324	
-0.002742786814486	
-0.018792145095242	
-0.021563189032799	
0.005321425394454	
0.007017082129190	
0.021512821954268	
0.016939479428635	
0.012060003690201	
0.011102049053126	
0.015760113426701	
0.004167033333246	
0.005730388488506	
-0.005979799807783	
0.024508394895448	
0.039619666791590	
0.010644123629716	
0.009123279836250	
0.011600416663304	
-0.002357852277698	
-0.002156762299247	
-0.011061325968365	
-0.018493281036116	
-0.007419402121498	
0.030966458189418	
-0.017480834232471	
0.002996790653467	
-0.003043618848540	
0.004919896767110	
-0.005237719896783	
-0.000861284594504	
-0.007375038459761	
0.014378847762698	
-0.000112345835137	
0.014303380517107	
-0.010402717640022	
-0.007042756272365	
-0.014422416955452	
-0.003804069881734	
-0.005940360540792	
0.002960069420188	
-0.019915659837424	
-0.000786072856616	
-0.000385775281736	
-0.007919549663801	
-0.005461055519090	
-0.010182030273300	
-0.000626106501666	
-0.012459914628860	
-0.005153589874258	
0.012542164413030	
0.009789474738109	
-0.010165806018703	
0.007748457927533	
0.015623058853323	
-0.002101477628610	
-0.022964010536140	
-0.009462377322778	
-0.025978460489430	
0.020095785862257	
0.018420777973282	
-0.015495282446354	
0.029342911714253	
-0.002160594648873	
-0.036056804874272	
-0.048969167008445	
-0.021205902846750	
0.007904449362167	
0.034955588853565	
0.017566536888696	
0.004727378981525	
0.024160062399348	
-0.090782847286385	
-0.036344709805644	
-0.010312508516776	
