0.641380509579805	
5.053719279020481	
5.053719279020481	
2.244193281442938	
0.719943606069214	
-0.523080351419249	
0.037544090953690	
1.351153073185704	
1.542244122143581	
5.053719279020481	
5.053719279020481	
0.601062056176270	
-1.482121999862582	
-1.873842580108999	
-1.024560933005562	
-1.439013148419075	
-1.130128577376110	
1.156873116723890	
5.053719279020481	
-1.113686970721344	
-1.652345371312472	
1.745998292671779	
0.968790690334284	
1.578275290068315	
-1.338710095272135	
1.756400662738241	
-2.180391602251879	
1.858650582128214	
-2.106111217742225	
1.144629565205775	
-0.635602505208376	
-1.299728927325173	
1.810479584816647	
-0.591732163596326	
-0.331709284515871	
0.961017995839567	
-0.016800405456206	
0.042359908252276	
-0.708597217394520	
-0.912597438951457	
-1.147965310512150	
-0.298955034747425	
-0.398960721367180	
-0.154728985091913	
-0.595866507883556	
0.074687710850667	
-0.446720313486559	
1.282142842623181	
1.752379156401074	
2.190161235841019	
-2.066480935851022	
-0.484474376044258	
-1.234653897282067	
-0.899113185917426	
1.027278806451248	
1.105590483008942	
-0.994509229330250	
-0.560449184544203	
-0.376552279978795	
-1.187463704709902	
-1.064995728275541	
-1.553894660571495	
-0.774190997599661	
-0.801004093147062	
1.031844897479206	
-0.796129745376720	
2.073532788216164	
0.495694895262410	
-0.276903550935471	
-0.197229504732679	
0.029321772117941	
-1.344864777915705	
-0.804137143307946	
1.058038599370385	
-0.286855954417800	
0.383903742036316	
0.324205424948532	
-0.618427390807246	
-0.425779958683446	
1.191700958791267	
0.936523610330038	
0.054733307939766	
0.804537371187137	
1.249058881604982	
0.938806854504336	
0.164280883606592	
-0.156888470709996	
-0.996517995545284	
-0.179491691512598	
-0.061124342739909	
0.691880799614467	
-0.415120617250171	
-0.462206269966938	
-1.148757053096092	
-0.460363840613210	
-0.038360586878800	
0.640256894606208	
1.625192393842663	
1.002443324425170	
0.193027677798336	
1.430362647388105	
-0.138771116565205	
-0.093260118277873	
-0.154981674631801	
-0.449053999473217	
-0.764813214221799	
0.846044176336743	
-1.608957529466639	
-0.121119053437514	
0.287479076139155	
-0.747781723622503	
0.930716095264027	
0.263188172632608	
-0.769085236262389	
-0.582267665265664	
-0.996899889834203	
0.811608803891949	
-0.829870798378788	
0.147716008523813	
0.727615068105333	
0.338834422798335	
-0.418525276697324	
0.553550729981241	
-0.304896053758214	
-0.197627328820586	
-1.207061167685067	
-0.758906285099878	
-1.125926485463427	
-0.278423812163168	
-0.463155974333024	
0.482623709984346	
-0.240729413201075	
1.170960821623259	
-0.373299703482343	
0.121293186973743	
-0.869153510026347	
1.289538755971718	
-0.762339051734177	
-1.686227811979710	
1.306074192532945	
0.294467561755806	
-0.339642868033350	
1.126823483338570	
-0.409436159594054	
-0.961361952926144	
-0.294661532346963	
-1.462516517692195	
-0.673007630913179	
0.510048856701781	
0.585792087121128	
0.149895766797292	
-0.982487249989061	
0.422760585652006	
-0.597603322812737	
0.977087818324440	
1.164937703040639	
-1.020352491381997	
-0.014494431168675	
0.491340109122383	
0.718401473791862	
0.793683119651178	
0.286393383698382	
-0.927763862459225	
-0.480885194489595	
1.584013875005555	
-0.221946061289261	
-0.751121502287021	
-0.880709536683240	
0.955256797508698	
-0.198096379170554	
-0.913859776389142	
-1.025444269494943	
-0.258693312296947	
0.904359363617776	
0.306232235170244	
0.215357671625425	
-0.057005029851631	
0.164526357391698	
-0.560447558683177	
-0.175795507657419	
1.093426950977162	
-0.251564022442059	
0.801154072838549	
0.528896055650309	
0.471578288766345	
-0.289790885026315	
0.220273362098044	
-1.096846193283854	
0.012592898468629	
0.901504771007458	
0.925905667278697	
-0.390114469192202	
0.279996355611280	
0.274945862786369	
-0.593485365183688	
-0.023274118975456	
-0.046974859988312	
0.688929677728312	
-0.309820484006652	
-0.065144221236319	
-0.168440503589131	
0.028472194470061	
-0.083162230480239	
0.107695190033856	
-0.165278436845721	
-1.145000948401771	
-0.169870080084443	
-0.631537831097778	
0.443319103244593	
-1.150588664156840	
-0.884664337570227	
0.170058124204212	
-0.589387445164705	
-1.024053262021778	
-0.447045267455635	
0.667041807537168	
-0.407526113948922	
-0.553304397859448	
0.636998576533938	
-0.239718457204393	
0.914662856543916	
0.692092309097841	
0.007636172137697	
0.408649974569452	
1.144487829633085	
-0.225516763234052	
-0.080211295007068	
-0.698215709616119	
-0.488653524651696	
0.780231973563545	
-0.291759887624748	
0.839006137640939	
-0.028205553309058	
-0.465614163572641	
0.308899108026386	
0.198975692000356	
0.214912022886901	
0.133859486863517	
-0.002695545867814	
-0.614306941814946	
0.197445224283498	
0.205839308845673	
-0.043095400154946	
0.141671838106157	
-0.131685049494698	
0.521270009334350	
0.664842743796109	
-0.643649250910898	
-1.192551907985839	
0.205993054915411	
0.257636674930570	
0.116691574929746	
0.289032320508714	
0.449767896917727	
0.491237242072168	
-1.095172016952190	
0.058358118017158	
0.060794082514884	
-0.091692024089375	
-0.027785870080126	
-0.275260207882261	
0.132952122530430	
-0.136216544952651	
0.509798804305575	
-0.203338433045117	
0.727052600558633	
-0.201646033046549	
-0.252699533529549	
0.896286590513999	
-1.189587797572074	
0.560420623969296	
-1.237760866065917	
-0.872004270955384	
0.989815124912300	
0.118105360298233	
-0.132403588247864	
0.046700196730482	
0.037810283670262	
-0.151551124113647	
0.547230776404295	
0.033565931111171	
0.360096106170936	
0.358336073390012	
0.156643102575566	
-0.136015919518461	
0.416140964704529	
-0.118968906882690	
0.344425228777024	
-0.326908657276435	
0.541088815190923	
-0.099209738942297	
-0.052619978620094	
-0.228220739918124	
0.934776550340315	
1.165739762192940	
0.021608240193291	
0.127407272589078	
0.251048910802547	
-0.521039593698506	
0.050972071982386	
0.548731343598572	
1.821164289027672	
1.062762547175342	
0.571084182474686	
